regime_state:
  ema_state:
    ema_lambda: 0.94
    slope_mu: 0.00014255947670681975
    slope_sigma: 0.0016717061444649977
    z_clip:
    - -3.0
    - 3.0
  mom_state:
    k: 50
  blend_omega: 0.6
  pbull_threshold: 0.52
vol_state:
  theta: 0.94
  sigma2_init: 0.00010478790425955233
  vol_target_annual: 0.15
  w_max: 2.0
policy_state:
  w_max: 2.0
  baseline_floor: 0.25
  baseline_floor_mode: FLOOR_ON_WVOL
  baseline_floor_eps: 1.0e-06
exit_state:
  atr:
    window: 14
    hard_stop_atr: 2.0
    trailing_stop_atr: 1.5
    timeout_days: 30
  price_reference_for_peak: close
  derisk_policy: DERISK_HALF
  stop_fill_policy: STOP_FILL_T_PLUS_1
kelly_inputs:
  mu: 0.00011427646983039012
  sigma2: 1.4528503091547048e-05
  n: 1.0
f_star: 7.865674055359377
f_tilde: 6.292539244287502
chosen:
  trainer_mode: FIXED
  grid_overrides:
    signal.ema_lambda: 0.94
    risk.ewma_theta: 0.94
    signal.blend_omega: 0.6
    signal.pbull_threshold: 0.52
  ema_lambda: 0.94
  ewma_theta: 0.94
  blend_omega: 0.6
  pbull_threshold: 0.52
  f_star: 7.865674055359377
  f_tilde: 6.292539244287502
