regime_state:
  ema_state:
    ema_lambda: 0.94
    slope_mu: 0.00021729494012225233
    slope_sigma: 0.002086707574302778
    z_clip:
    - -3.0
    - 3.0
  mom_state:
    k: 50
  blend_omega: 0.6
  pbull_threshold: 0.52
vol_state:
  theta: 0.94
  sigma2_init: 0.00016255795955810774
  vol_target_annual: 0.15
  w_max: 3.0
policy_state:
  w_max: 3.0
  baseline_floor: 0.25
  baseline_floor_mode: FLOOR_ON_WVOL
  baseline_floor_eps: 1.0e-06
exit_state:
  atr:
    window: 14
    hard_stop_atr: 2.0
    trailing_stop_atr: 1.5
    timeout_days: 30
  price_reference_for_peak: close
  derisk_policy: DERISK_HALF
  stop_fill_policy: STOP_FILL_T_PLUS_1
kelly_inputs:
  mu: 0.00010870680479037806
  sigma2: 1.5029270501895351e-05
  n: 1.0
f_star: 7.233006071496883
f_tilde: 4.339803642898129
chosen:
  trainer_mode: FIXED
  grid_overrides:
    signal.ema_lambda: 0.94
    risk.ewma_theta: 0.94
    signal.blend_omega: 0.6
    signal.pbull_threshold: 0.52
  ema_lambda: 0.94
  ewma_theta: 0.94
  blend_omega: 0.6
  pbull_threshold: 0.52
  f_star: 7.233006071496883
  f_tilde: 4.339803642898129
